# Channel	Time
1	3337
1	14109
2	14209
1	18179
1	26852
1	41349
2	41444
1	57279
1	59522
1	60597
1	79956
1	98330
1	100398
2	100495
1	100781
1	113001
2	113097
1	116587
2	116692
1	121181
2	121281
1	124144
1	128517
1	153845
1	157160
2	157255
1	165772
1	172277
2	172372
1	173509
1	182999
2	183100
1	292663
2	292762
1	294651
2	294754
1	314317
2	314422
1	317138
1	328277
1	343540
2	343639
1	351513
1	353072
1	375296
1	392057
1	392612
2	392710
1	394661
1	407869
1	408980
2	409076
1	409421
2	409524
1	414737
2	414834
1	425998
1	433341
1	442057
2	442159
1	452220
1	469360
1	470281
2	470381
1	476974
1	478310
1	491710
2	491812
1	530723
2	530821
1	559234
2	559339
1	592269
2	592373
1	606000
2	606095
1	606981
1	608347
1	608620
2	608721
1	608989
1	609748
1	619142
2	619240
1	629954
2	630052
1	664736
1	668188
1	669777
2	669880
1	680413
2	680513
1	683849
1	691562
2	691658
1	692093
1	699984
1	708400
2	708501
1	709742
1	711290
1	717357
2	717460
1	734351
1	742225
2	742324
1	755293
2	755396
1	774390
2	774486
1	799525
2	799628
1	820536
2	820631
1	823421
2	823519
1	825755
2	825860
1	851512
1	853458
2	853557
1	887861
1	897692
1	899752
2	899847
1	904386
1	905545
1	906998
2	907099
1	914720
2	914825
1	916145
1	918910
2	919012
1	928092
2	928187
1	935605
1	936531
2	936626
1	942523
2	942623
1	960654
2	960759
1	975707
1	988342
1	993849
2	993949
1	1002676
2	1002773
1	1002715
2	1002816
1	1004374
1	1052559
2	1052663
1	1056967
2	1057070
1	1091834
1	1095740
1	1100501
2	1100599
1	1108907
2	1109009
1	1141443
2	1141540
1	1148726
2	1148829
1	1161392
2	1161494
1	1165179
1	1166354
1	1234666
1	1238354
1	1239907
1	1246008
1	1249776
2	1249879
1	1251247
1	1278359
1	1281078
2	1281174
1	1292484
2	1292587
1	1295644
2	1295741
1	1297763
2	1297858
1	1300475
1	1307837
1	1309875
1	1312242
1	1312471
1	1333789
2	1333894
1	1334333
1	1349586
2	1349687
1	1351584
2	1351688
1	1353822
2	1353924
1	1358332
2	1358431
1	1373501
2	1373601
1	1385491
2	1385591
1	1391624
1	1396204
2	1396309
1	1404660
1	1413165
1	1442795
1	1464086
1	1472431
1	1489593
1	1490181
1	1497090
1	1500851
2	1500953
1	1503079
2	1503177
1	1524366
2	1524470
1	1527813
2	1527916
1	1529730
2	1529832
1	1539052
1	1540984
1	1545899
1	1588885
2	1588990
1	1595416
1	1607381
1	1616559
1	1637301
1	1645340
1	1651981
2	1652080
1	1660477
1	1678458
1	1678980
2	1679084
1	1683146
2	1683247
1	1688000
2	1688100
1	1688136
2	1688233
1	1696791
2	1696895
1	1712388
1	1718669
1	1723832
1	1727097
2	1727195
1	1747117
2	1747217
1	1747972
1	1751555
2	1751659
1	1753271
1	1756884
1	1783459
2	1783555
1	1792577
2	1792674
1	1793720
1	1817504
1	1820590
2	1820694
1	1831763
2	1831866
1	1837827
1	1842136
2	1842240
1	1849324
2	1849426
1	1854738
2	1854837
1	1863226
1	1865443
2	1865545
1	1869288
2	1869384
1	1875586
2	1875685
1	1881365
2	1881466
1	1884903
1	1889366
2	1889466
1	1893787
1	1907365
1	1908475
1	1922173
2	1922276
1	1925938
1	1926739
1	1931006
2	1931102
1	1932925
2	1933028
1	1951192
2	1951290
1	1988364
2	1988460
1	2005698
2	2005803
1	2013165
2	2013264
1	2014612
2	2014707
1	2022454
2	2022552
1	2024866
1	2027773
1	2033177
1	2039881
1	2040745
1	2048581
1	2058708
2	2058808
1	2061956
1	2095727
1	2122257
2	2122359
1	2137087
1	2140844
1	2141662
2	2141757
1	2151042
2	2151138
1	2169349
2	2169451
1	2169667
1	2192085
1	2207203
2	2207300
1	2212904
1	2214663
2	2214768
1	2245094
1	2258113
1	2262183
2	2262287
1	2263631
2	2263735
1	2264378
2	2264482
1	2264800
1	2265022
1	2278741
1	2279190
1	2284897
1	2297686
1	2297885
1	2313300
2	2313396
1	2319516
1	2333438
1	2333994
1	2337035
2	2337139
1	2347453
2	2347553
1	2353360
1	2358643
2	2358748
1	2359316
1	2374451
1	2384972
1	2385877
1	2391974
1	2399016
2	2399111
1	2401186
2	2401290
1	2401597
2	2401694
1	2403011
2	2403109
1	2408816
2	2408913
1	2415024
1	2424735
2	2424831
1	2443837
1	2486033
1	2503541
2	2503636
1	2533302
2	2533399
1	2536972
1	2572767
1	2573116
1	2616011
2	2616115
1	2617293
2	2617390
1	2625607
2	2625712
1	2630000
2	2630095
1	2630476
2	2630571
1	2632253
2	2632351
1	2636060
2	2636156
1	2648072
2	2648168
1	2652686
1	2657885
1	2663568
1	2677623
1	2706399
2	2706504
1	2708759
2	2708857
1	2718652
1	2726821
2	2726923
1	2728505
2	2728603
1	2736198
1	2740134
1	2741853
1	2759849
1	2770847
1	2773464
2	2773565
1	2779604
1	2798092
2	2798193
1	2814391
1	2814625
2	2814729
1	2822796
1	2849661
2	2849761
1	2869420
2	2869519
1	2879966
1	2890153
2	2890255
1	2930567
1	2941948
1	2966268
1	2988235
2	2988330
1	2988719
2	2988820
1	3009204
1	3010592
1	3012374
1	3036166
2	3036269
1	3044157
2	3044262
1	3049208
2	3049304
1	3050885
2	3050983
1	3066825
1	3068374
2	3068477
1	3069790
1	3109981
1	3110793
1	3128861
2	3128962
1	3139466
1	3161981
1	3163811
1	3181925
1	3186180
2	3186279
1	3197197
2	3197301
1	3218673
1	3223362
2	3223461
1	3228532
2	3228627
1	3232866
1	3235281
2	3235380
1	3239419
2	3239518
1	3248314
1	3261510
2	3261607
1	3289061
2	3289161
1	3317142
2	3317240
1	3333279
1	3333899
2	3333998
1	3335084
2	3335186
1	3364383
1	3380793
2	3380896
1	3382577
2	3382679
1	3403703
2	3403802
1	3411357
1	3419334
2	3419432
1	3427239
1	3440035
2	3440133
1	3464336
1	3483572
1	3491354
1	3496668
2	3496763
1	3512620
2	3512722
1	3526984
1	3543473
1	3569262
1	3620142
2	3620243
1	3632917
1	3643336
1	3645689
2	3645786
1	3650794
2	3650890
1	3655902
1	3659528
2	3659626
1	3662236
1	3665217
1	3678160
2	3678264
1	3688093
2	3688196
1	3692485
1	3693854
1	3701924
1	3723275
1	3737089
2	3737192
1	3777836
2	3777941
1	3802267
1	3804820
1	3810853
1	3814159
2	3814255
1	3815178
1	3822357
2	3822461
1	3822745
1	3825505
2	3825610
1	3836445
2	3836545
1	3864147
2	3864247
1	3865121
1	3879920
2	3880020
1	3886839
1	3894051
2	3894149
1	3901077
2	3901179
1	3941911
2	3942010
1	3953399
2	3953494
1	3962179
1	3978533
1	3994305
1	4006678
1	4025990
1	4040564
1	4049931
1	4066886
2	4066985
1	4074434
2	4074533
1	4078191
2	4078290
1	4094950
1	4099782
2	4099886
1	4120683
1	4129501
1	4140928
1	4159571
1	4170015
1	4176262
2	4176358
1	4180860
1	4186480
1	4192457
2	4192559
1	4193568
1	4199500
2	4199599
1	4215379
2	4215480
1	4227985
1	4229580
1	4258247
2	4258346
1	4310558
1	4329201
2	4329297
1	4332463
2	4332568
1	4332763
1	4337980
2	4338084
1	4340206
2	4340311
1	4341590
2	4341687
1	4353583
2	4353684
1	4374795
2	4374896
1	4379708
1	4396993
1	4404079
2	4404176
1	4418967
1	4422743
1	4424167
2	4424269
1	4427330
1	4444372
1	4446199
1	4449521
2	4449622
1	4493554
1	4493780
1	4497739
1	4501719
1	4514641
2	4514745
1	4528688
1	4551171
1	4552962
2	4553060
1	4570826
2	4570926
1	4583180
1	4592146
2	4592243
1	4592320
2	4592417
1	4595350
2	4595455
1	4617749
1	4628329
2	4628426
1	4628756
2	4628852
1	4630261
1	4633062
1	4637650
2	4637748
1	4640706
1	4642547
1	4662870
1	4663096
1	4673249
2	4673348
1	4673898
2	4673993
1	4722969
2	4723073
1	4738099
1	4745729
2	4745834
1	4794902
1	4824328
1	4833767
1	4839952
2	4840050
1	4852504
1	4864872
2	4864975
1	4866174
1	4878908
1	4893444
1	4899730
2	4899830
1	4901989
1	4912360
1	4926396
2	4926494
1	4934960
2	4935062
1	4948556
1	4951907
1	4955349
1	4961940
2	4962045
1	4978995
2	4979090
1	4986023
2	4986128
1	4987853
2	4987955
1	4990223
1	4994914
1	4999655
2	4999751
1	5006740
1	5007588
2	5007691
1	5039854
2	5039956
1	5046041
2	5046140
1	5062404
2	5062504
1	5075586
2	5075686
1	5078052
1	5089032
2	5089131
1	5107032
2	5107129
1	5108117
2	5108221
1	5111947
2	5112043
1	5123715
2	5123820
1	5130794
2	5130896
1	5145089
1	5146089
1	5149655
2	5149750
1	5150704
2	5150802
1	5157443
1	5168256
1	5175193
1	5178385
2	5178481
1	5193403
2	5193502
1	5195534
1	5217650
2	5217753
1	5231636
2	5231734
1	5238455
2	5238551
1	5239216
2	5239316
1	5253206
1	5263558
2	5263653
1	5274230
1	5287120
2	5287223
1	5304404
1	5309024
1	5312253
1	5317418
1	5322108
2	5322203
1	5334489
2	5334589
1	5339569
2	5339672
1	5356347
1	5358221
2	5358318
1	5372897
2	5373002
1	5387305
1	5389141
2	5389244
1	5404708
2	5404813
1	5413512
2	5413607
1	5425301
1	5429262
2	5429358
1	5437959
1	5450650
2	5450745
1	5454578
2	5454673
1	5455108
1	5477893
2	5477994
1	5489459
2	5489564
1	5503122
2	5503221
1	5527754
1	5532941
1	5534145
1	5536863
1	5558065
2	5558161
1	5583608
2	5583710
1	5583677
2	5583774
1	5587996
2	5588099
1	5590301
1	5596634
2	5596736
1	5603650
1	5610671
2	5610767
1	5614208
1	5616688
2	5616785
1	5621923
1	5636333
1	5648298
1	5652328
2	5652425
1	5654295
2	5654398
1	5658525
2	5658622
1	5662150
2	5662255
1	5665660
1	5667673
2	5667777
1	5671104
1	5678356
1	5685860
2	5685959
1	5689752
1	5695232
1	5706306
2	5706404
1	5738873
2	5738970
1	5759167
1	5761467
2	5761562
1	5761723
2	5761828
1	5764200
1	5783532
2	5783632
1	5803872
2	5803972
1	5839000
2	5839098
1	5843284
2	5843381
1	5868003
1	5872313
1	5875383
1	5908819
1	5911837
1	5912589
2	5912684
1	5918646
2	5918745
1	5924000
2	5924105
1	5926434
1	5927323
1	5927980
1	5939949
1	5940004
1	5962927
2	5963026
1	6030091
2	6030188
1	6030814
2	6030913
1	6032975
1	6040222
2	6040327
1	6041937
1	6046230
2	6046333
1	6062106
1	6085595
2	6085691
1	6092506
1	6092880
2	6092979
1	6099300
2	6099395
1	6106215
1	6140144
2	6140244
1	6148649
1	6152822
1	6156703
2	6156800
1	6161588
1	6162799
2	6162899
1	6169884
2	6169979
1	6178211
2	6178311
1	6178398
1	6182875
1	6190075
2	6190177
1	6197818
2	6197913
1	6227975
1	6242145
1	6248577
2	6248681
1	6266444
1	6288569
2	6288670
1	6296768
1	6308380
1	6336484
1	6341366
1	6361235
1	6372411
2	6372515
1	6381489
2	6381589
1	6385681
1	6446368
2	6446472
1	6452231
2	6452331
1	6464447
1	6470780
2	6470885
1	6480048
1	6494110
2	6494207
1	6495678
1	6500771
2	6500868
1	6505015
1	6512140
1	6514175
1	6522323
2	6522420
1	6522817
1	6531405
2	6531500
1	6551648
1	6559183
1	6573107
2	6573209
1	6578555
2	6578660
1	6581935
1	6583981
2	6584084
1	6589548
2	6589643
1	6598131
2	6598236
1	6599104
2	6599207
1	6601393
2	6601494
1	6603565
1	6606003
1	6617063
2	6617168
1	6621041
2	6621146
1	6625446
2	6625548
1	6666845
2	6666943
1	6677285
1	6682796
2	6682893
1	6745308
2	6745407
1	6751965
1	6754949
1	6759328
2	6759432
1	6772856
1	6792449
2	6792553
1	6792840
1	6811086
2	6811184
1	6813741
1	6814800
2	6814898
1	6818996
1	6823254
2	6823359
1	6824659
1	6825615
2	6825712
1	6847190
1	6848267
2	6848366
1	6878361
1	6880380
2	6880482
1	6881944
2	6882044
1	6894376
1	6905247
2	6905343
1	6908682
1	6932688
1	6936521
1	6937793
2	6937894
1	6943601
1	6956027
2	6956127
1	6959224
2	6959319
1	6961184
1	6962199
1	6972109
1	6981198
2	6981294
1	7015041
1	7020255
1	7021241
2	7021337
1	7021297
2	7021393
1	7029106
1	7041371
1	7056200
1	7064497
2	7064600
1	7089767
2	7089868
1	7090188
2	7090293
1	7097442
1	7102211
2	7102308
1	7129289
2	7129389
1	7138006
1	7148702
2	7148806
1	7165300
2	7165397
1	7199474
1	7202523
2	7202618
1	7204386
1	7208069
2	7208169
1	7209309
2	7209409
1	7211637
1	7214169
1	7235635
2	7235736
1	7242472
2	7242576
1	7256915
2	7257018
1	7265720
2	7265818
1	7270191
2	7270295
1	7274894
1	7275716
2	7275817
1	7276503
1	7285502
1	7334348
1	7338694
1	7343131
2	7343227
1	7372560
2	7372658
1	7373145
1	7394721
1	7428369
1	7433845
2	7433947
1	7439750
2	7439849
1	7444619
1	7452368
2	7452473
1	7454817
1	7468746
1	7492626
2	7492727
1	7494447
2	7494551
1	7523772
2	7523869
1	7534403
2	7534506
1	7535415
1	7546508
2	7546606
1	7554019
2	7554117
1	7558708
1	7569688
2	7569792
1	7577465
2	7577564
1	7581155
2	7581252
1	7603030
1	7604852
2	7604956
1	7613139
1	7624842
1	7628724
2	7628821
1	7634064
1	7637060
1	7639887
1	7651795
1	7654720
1	7659815
1	7707196
1	7715312
2	7715413
1	7719054
1	7730233
2	7730333
1	7733722
1	7746252
1	7753104
2	7753209
1	7756195
2	7756290
1	7771903
1	7782872
1	7785889
1	7786098
1	7824300
1	7827676
1	7830385
1	7831371
2	7831467
1	7841813
2	7841916
1	7870308
2	7870404
1	7883197
2	7883301
1	7906764
1	7932269
1	7934573
2	7934675
1	7958976
1	7969172
2	7969271
1	7975677
1	7986750
2	7986855
1	7989194
1	7997297
2	7997395
1	8011702
1	8012575
1	8032865
1	8051698
1	8052598
1	8058926
1	8060607
1	8067877
1	8085642
1	8086762
1	8089583
1	8096186
1	8103848
1	8104016
1	8112589
1	8124122
1	8124557
1	8127155
2	8127258
1	8147698
1	8154762
2	8154861
1	8171948
2	8172047
1	8200497
1	8227781
1	8229889
2	8229993
1	8234741
2	8234837
1	8264771
2	8264867
1	8270590
2	8270686
1	8309017
2	8309112
1	8316351
1	8317686
2	8317788
1	8322049
2	8322145
1	8323462
2	8323561
1	8359742
2	8359844
1	8362639
1	8379282
1	8383632
1	8387027
2	8387127
1	8393612
2	8393716
1	8408353
2	8408448
1	8409845
2	8409946
1	8423980
2	8424085
1	8431078
2	8431182
1	8445039
1	8460846
1	8510622
2	8510720
1	8522545
2	8522642
1	8525651
1	8525938
2	8526034
1	8527762
1	8542356
2	8542455
1	8550666
1	8558871
1	8566302
2	8566397
1	8566798
2	8566899
1	8570690
2	8570791
1	8600940
2	8601040
1	8626387
1	8627618
2	8627719
1	8630036
2	8630140
1	8638957
2	8639052
1	8641569
1	8657644
2	8657744
1	8675930
2	8676033
1	8705720
1	8715624
1	8718893
1	8724779
1	8734092
2	8734191
1	8735835
1	8745386
1	8770304
2	8770402
1	8774932
1	8796676
2	8796773
1	8806492
2	8806597
1	8808903
1	8813787
2	8813882
1	8814194
2	8814293
1	8829139
2	8829240
1	8829413
2	8829511
1	8833557
2	8833660
1	8842879
1	8847236
2	8847339
1	8855828
1	8871496
1	8873401
1	8881519
2	8881618
1	8886506
2	8886602
1	8910639
1	8916493
1	8917091
2	8917191
1	8919731
1	8955572
1	8973257
2	8973359
1	8980180
2	8980276
1	9000957
2	9001056
1	9011254
2	9011357
1	9017097
2	9017202
1	9030273
1	9043597
1	9046814
2	9046916
1	9051875
2	9051974
1	9055717
1	9059901
2	9059999
1	9062729
1	9080186
1	9101532
2	9101628
1	9102896
1	9103546
2	9103648
1	9117058
2	9117155
1	9152934
2	9153038
1	9176344
1	9178978
2	9179080
1	9188229
2	9188326
1	9192632
1	9195237
1	9195923
1	9204083
1	9215407
2	9215509
1	9221442
1	9223658
2	9223753
1	9231120
2	9231216
1	9234270
2	9234371
1	9240229
2	9240330
1	9241515
1	9255215
1	9258893
1	9263571
2	9263670
1	9270507
1	9271299
1	9309111
2	9309211
1	9354957
2	9355058
1	9380538
1	9404111
2	9404208
1	9412584
2	9412687
1	9427399
1	9442282
2	9442383
1	9443705
2	9443805
1	9452699
1	9495753
2	9495855
1	9496744
1	9509922
2	9510026
1	9521247
2	9521351
1	9535317
1	9604112
2	9604214
1	9617579
2	9617684
1	9617735
2	9617835
1	9620875
2	9620971
1	9621057
2	9621154
1	9622832
1	9629565
1	9631692
2	9631793
1	9640843
1	9642435
2	9642533
1	9676744
1	9678867
2	9678965
1	9684883
1	9686294
1	9694063
1	9704856
2	9704954
1	9740473
2	9740568
1	9747749
1	9759804
2	9759900
1	9786281
1	9791303
1	9793157
1	9806630
1	9825484
2	9825587
1	9827348
2	9827453
1	9847177
1	9849607
2	9849708
1	9874764
1	9882382
1	9903052
2	9903149
1	9912806
2	9912903
1	9917542
1	9919782
2	9919878
1	9920196
1	9934352
1	9949113
1	9952772
1	9957378
2	9957476
1	9965763
2	9965860
1	9967982
1	9984213
2	9984313
1	9995992
1	10000081
2	10000181
1	10012874
1	10030836
2	10030938
1	10039882
2	10039985
1	10042565
2	10042663
1	10061362
1	10077429
2	10077529
1	10079355
2	10079451
1	10086422
2	10086517
1	10109619
1	10109945
2	10110044
1	10118464
1	10118582
1	10128698
2	10128798
1	10131385
2	10131487
1	10148118
2	10148222
1	10152089
2	10152188
1	10153438
1	10173658
1	10178622
2	10178727
1	10193299
1	10214911
1	10228086
2	10228181
1	10233808
2	10233903
1	10259237
1	10270183
1	10279140
1	10291401
1	10313241
